#NA_summits Enhancers
#Created from peak_called/NA_summits_12KB_STITCHED_ENHANCER_REGION_MAP.txt
#Ranked by mapped_sorted.bam
#Using cutoff of 6537.8504 for Super-Enhancers
#Created on mar 31 2019 
REGION_ID	CHROM	START	STOP	NUM_LOCI	CONSTITUENT_SIZE	mapped_sorted.bam	enhancerRank	isSuper
26_NA_peak_1724_lociStitched	1	143185237	143266693	26	52	108181.7136	1	1
7_NA_peak_11037_lociStitched	17	43266938	43300378	7	14	79858.064	2	1
9_NA_peak_9843_lociStitched	16	46380859	46400168	9	18	56401.589	3	1
6_NA_peak_11032_lociStitched	17	43231911	43252165	6	12	51637.573	4	1
5_NA_peak_390_lociStitched	1	16889306	16914417	5	10	50663.9536	5	1
6_NA_peak_990_lociStitched	1	44800008	44829714	6	12	46314.6246	6	1
6_NA_peak_23817_lociStitched	8	55832294	55865108	6	12	45096.2802	7	1
5_NA_peak_26106_lociStitched	KI270438.1	104083	112242	5	10	43241.0682	8	1
3_NA_peak_12683_lociStitched	19	13836565	13847565	3	6	42168.5	9	1
9_NA_peak_17247_lociStitched	22	46036319	46070920	9	18	40680.3957	10	1
10_NA_peak_14346_lociStitched	2	70078072	70125054	10	20	39732.6774	11	1
8_NA_peak_3163_lociStitched	10	17200202	17230364	8	16	39660.0138	12	1
4_NA_peak_1698_lociStitched	1	125167908	125182554	4	8	39369.9126	13	1
6_NA_peak_6168_lociStitched	12	54385869	54429196	6	12	37152.9025	14	1
9_NA_peak_12306_lociStitched	19	1848606	1905583	9	18	35240.2745	15	1
3_NA_peak_24003_lociStitched	8	67952297	67969143	3	6	34355.7324	16	1
13_NA_peak_9822_lociStitched	16	34572698	34595530	13	26	33967.1664	17	1
8_NA_peak_451_lociStitched	1	22018768	22052934	8	16	33656.9266	18	1
4_NA_peak_133_lociStitched	1	3583517	3610835	4	8	33308.8374	19	1
10_NA_peak_1839_lociStitched	1	149826729	149861599	10	20	33307.824	20	1
9_NA_peak_4817_lociStitched	11	65471923	65499454	9	18	33205.1391	21	1
3_NA_peak_24747_lociStitched	8	129575625	129593545	3	6	32598.272	22	1
5_NA_peak_26149_lociStitched	KI270733.1	135098	166322	5	10	31523.7504	23	1
7_NA_peak_26209_lociStitched	X	1536627	1572105	7	14	31295.1438	24	1
11_NA_peak_10522_lociStitched	17	8139270	8190085	11	22	30555.0595	25	1
7_NA_peak_24949_lociStitched	8	143541289	143574362	7	14	29074.4743	26	1
7_NA_peak_26642_lociStitched	X	49147592	49177241	7	14	28718.0214	27	1
11_NA_peak_21456_lociStitched	6	27807704	27838868	11	22	28371.7056	28	1
7_NA_peak_12829_lociStitched	19	18280644	18304992	7	14	28304.55	29	1
7_NA_peak_21360_lociStitched	6	25025395	25062679	7	14	27746.7528	30	1
5_NA_peak_3403_lociStitched	10	43397108	43420730	5	10	27687.3462	31	1
8_NA_peak_15491_lociStitched	2	231643213	231687617	8	16	27494.9568	32	1
7_NA_peak_26399_lociStitched	X	30577235	30598546	7	14	27261.0312	33	1
7_NA_peak_824_lociStitched	1	37989786	38012933	7	14	27216.2426	34	1
7_NA_peak_17816_lociStitched	3	49333566	49357995	7	14	27101.5326	35	1
5_NA_peak_774_lociStitched	1	36149390	36162130	5	10	26714.506	36	1
10_NA_peak_13267_lociStitched	19	45439791	45478806	10	20	26573.1165	37	1
7_NA_peak_788_lociStitched	1	36374472	36401353	7	14	26311.1228	38	1
8_NA_peak_12277_lociStitched	19	1241938	1276193	8	16	26095.459	39	1
5_NA_peak_26716_lociStitched	X	65655890	65678655	5	10	25904.2935	40	1
5_NA_peak_17760_lociStitched	3	46952999	46996991	5	10	25713.324	41	1
11_NA_peak_4916_lociStitched	11	67381376	67437500	11	22	25463.4588	42	1
4_NA_peak_4897_lociStitched	11	67266867	67288793	4	8	25252.1742	43	1
5_NA_peak_17478_lociStitched	3	15795783	15812063	5	10	24918.168	44	1
6_NA_peak_9800_lociStitched	16	31108545	31141673	6	12	24872.5024	45	1
10_NA_peak_1945_lociStitched	1	153944903	153990941	10	20	24786.8592	46	1
6_NA_peak_67_lociStitched	1	1890649	1920703	6	12	24761.4906	47	1
7_NA_peak_21579_lociStitched	6	31795849	31834748	7	14	24724.2044	48	1
6_NA_peak_11262_lociStitched	17	58331084	58352638	6	12	24672.8638	49	1
4_NA_peak_24359_lociStitched	8	102395142	102412451	4	8	24658.4014	50	1
4_NA_peak_13111_lociStitched	19	39390992	39410046	4	8	24116.6478	51	1
6_NA_peak_20924_lociStitched	5	172765090	172789064	6	12	23993.1792	52	1
7_NA_peak_13545_lociStitched	19	54179686	54208657	7	14	23912.6634	53	1
8_NA_peak_11520_lociStitched	17	75832525	75873240	8	16	23740.9165	54	1
2_NA_peak_26487_lociStitched	X	41333455	41335270	2	4	23718.6015	55	1
3_NA_peak_56_lociStitched	1	1659135	1678822	3	6	23592.9008	56	1
4_NA_peak_837_lociStitched	1	39197950	39216332	4	8	23080.4392	57	1
4_NA_peak_24473_lociStitched	8	107485928	107496215	4	8	23023.3347	58	1
6_NA_peak_21600_lociStitched	6	32175840	32196210	6	12	22873.473	59	1
2_NA_peak_23948_lociStitched	8	65830193	65842378	2	4	22782.2945	60	1
7_NA_peak_19441_lociStitched	4	81471659	81505054	7	14	22762.032	61	1
3_NA_peak_24750_lociStitched	8	129643165	129665461	3	6	22485.516	62	1
4_NA_peak_148_lociStitched	1	3880592	3900546	4	8	22212.7928	63	1
3_NA_peak_24463_lociStitched	8	107306184	107315152	3	6	22133.9208	64	1
7_NA_peak_21406_lociStitched	6	26172307	26217049	7	14	22075.7028	65	1
7_NA_peak_2130_lociStitched	1	161154146	161186609	7	14	21743.7174	66	1
4_NA_peak_24850_lociStitched	8	140457524	140465823	4	8	21592.3382	67	1
7_NA_peak_10493_lociStitched	17	7552678	7583959	7	14	21527.5842	68	1
7_NA_peak_622_lociStitched	1	28232811	28260361	7	14	21475.225	69	1
7_NA_peak_13138_lociStitched	19	40410407	40444975	7	14	21445.9872	70	1
3_NA_peak_4813_lociStitched	11	65419488	65430146	3	6	21060.208	71	1
4_NA_peak_24617_lociStitched	8	123072780	123096598	4	8	20733.569	72	1
4_NA_peak_24879_lociStitched	8	141149985	141164541	4	8	20643.3192	73	1
3_NA_peak_24176_lociStitched	8	89974928	89984527	3	6	20400.7547	74	1
3_NA_peak_23983_lociStitched	8	67055173	67064610	3	6	20305.5929	75	1
6_NA_peak_10471_lociStitched	17	7238138	7261441	6	12	20275.9403	76	1
5_NA_peak_691_lociStitched	1	31937999	31956606	5	10	20274.1872	77	1
6_NA_peak_3830_lociStitched	10	97401057	97426449	6	12	20234.8848	78	1
6_NA_peak_1984_lociStitched	1	154955624	154983480	6	12	20162.1728	79	1
8_NA_peak_17850_lociStitched	3	50321625	50359346	8	16	20078.8883	80	1
6_NA_peak_5639_lociStitched	12	6927823	6953359	6	12	20071.296	81	1
5_NA_peak_25916_lociStitched	9	133103092	133134265	5	10	20022.4179	82	1
4_NA_peak_83_lociStitched	1	2227520	2256051	4	8	20011.6434	83	1
3_NA_peak_7727_lociStitched	14	34539522	34556508	3	6	19970.4402	84	1
4_NA_peak_24954_lociStitched	8	143597335	143617236	4	8	19889.0594	85	1
8_NA_peak_6839_lociStitched	12	123432263	123458375	8	16	19602.2784	86	1
5_NA_peak_24115_lociStitched	8	85764642	85804810	5	10	19425.2448	87	1
4_NA_peak_10630_lociStitched	17	17824189	17849953	4	8	19353.9168	88	1
2_NA_peak_966_lociStitched	1	44407133	44417972	2	4	19271.742	89	1
2_NA_peak_180_lociStitched	1	6349088	6359495	2	4	19194.6708	90	1
6_NA_peak_13593_lociStitched	19	55624483	55655239	6	12	19111.7784	91	1
4_NA_peak_6812_lociStitched	12	122871639	122895754	4	8	19026.735	92	1
4_NA_peak_6227_lociStitched	12	56677124	56700525	4	8	19025.013	93	1
6_NA_peak_12648_lociStitched	19	12775389	12806719	6	12	18989.113	94	1
5_NA_peak_8360_lociStitched	14	105474437	105491421	5	10	18699.384	95	1
5_NA_peak_6783_lociStitched	12	121789680	121803079	5	10	18518.7579	96	1
4_NA_peak_24790_lociStitched	8	133074564	133093397	4	8	18510.9557	97	1
7_NA_peak_16104_lociStitched	20	44960083	44992933	7	14	18409.14	98	1
5_NA_peak_21572_lociStitched	6	31727314	31739328	5	10	18404.2466	99	1
7_NA_peak_12662_lociStitched	19	12933584	12983430	7	14	18074.1596	100	1
5_NA_peak_2059_lociStitched	1	156728565	156752264	5	10	18051.5283	101	1
6_NA_peak_8487_lociStitched	15	32561099	32595478	6	12	17945.838	102	1
5_NA_peak_16401_lociStitched	21	8218229	8234515	5	10	17774.5404	103	1
6_NA_peak_14253_lociStitched	2	64636314	64654526	6	12	17645.6068	104	1
10_NA_peak_12392_lociStitched	19	4059037	4090261	10	20	17388.6456	105	1
5_NA_peak_80_lociStitched	1	2189873	2212416	5	10	17387.4159	106	1
5_NA_peak_11597_lociStitched	17	78736210	78759794	5	10	17329.5232	107	1
3_NA_peak_6005_lociStitched	12	47803018	47819479	3	6	17109.5634	108	1
6_NA_peak_13837_lociStitched	2	23905236	23927454	6	12	17101.1946	109	1
3_NA_peak_21784_lociStitched	6	42770785	42783282	3	6	17070.902	110	1
7_NA_peak_5380_lociStitched	11	118912832	118940255	7	14	17026.9407	111	1
3_NA_peak_8063_lociStitched	14	75247469	75259529	3	6	17014.248	112	1
5_NA_peak_605_lociStitched	1	27863722	27885496	5	10	16981.5426	113	1
7_NA_peak_13693_lociStitched	19	58538676	58559361	7	14	16870.686	114	1
5_NA_peak_2047_lociStitched	1	156490419	156505681	5	10	16829.4074	115	1
5_NA_peak_982_lociStitched	1	44722051	44740095	5	10	16618.524	116	1
6_NA_peak_5676_lociStitched	12	8675462	8709550	6	12	16604.2648	117	1
5_NA_peak_26374_lociStitched	X	23767220	23783387	5	10	16555.008	118	1
3_NA_peak_24468_lociStitched	8	107332742	107343917	3	6	16543.47	119	1
3_NA_peak_23823_lociStitched	8	55879550	55885961	3	6	16526.9169	120	1
5_NA_peak_23953_lociStitched	8	65912153	65930845	5	10	16475.1288	121	1
6_NA_peak_12723_lociStitched	19	14496330	14529696	6	12	16402.7256	122	1
4_NA_peak_24378_lociStitched	8	102788859	102806826	4	8	16292.4756	123	1
6_NA_peak_875_lociStitched	1	40373924	40387716	6	12	16291.1104	124	1
3_NA_peak_24921_lociStitched	8	143018700	143026765	3	6	16251.7815	125	1
4_NA_peak_24300_lociStitched	8	100150782	100168051	4	8	16203.5027	126	1
3_NA_peak_23697_lociStitched	8	42265664	42280312	3	6	16164.068	127	1
5_NA_peak_24804_lociStitched	8	133519048	133527122	5	10	16152.8444	128	1
4_NA_peak_217_lociStitched	1	8423595	8449196	4	8	16141.4305	129	1
5_NA_peak_12715_lociStitched	19	14370420	14384259	5	10	16043.5527	130	1
6_NA_peak_26060_lociStitched	GL000220.1	97284	119993	6	12	15814.5476	131	1
5_NA_peak_4697_lociStitched	11	62591371	62621963	5	10	15730.4064	132	1
5_NA_peak_7986_lociStitched	14	68793708	68816616	5	10	15529.3332	133	1
3_NA_peak_26713_lociStitched	X	65601449	65609677	3	6	15373.1952	134	1
6_NA_peak_26986_lociStitched	X	149503330	149525943	6	12	15336.1366	135	1
4_NA_peak_14409_lociStitched	2	74549237	74573439	4	8	15259.361	136	1
3_NA_peak_3080_lociStitched	10	11165748	11179702	3	6	15163.8118	137	1
3_NA_peak_102_lociStitched	1	2548527	2556496	3	6	15132.3341	138	1
5_NA_peak_21096_lociStitched	6	2719187	2740701	5	10	15122.1906	139	1
5_NA_peak_5517_lociStitched	12	622312	643193	5	10	15090.6987	140	1
2_NA_peak_814_lociStitched	1	37921809	37931612	2	4	15077.9943	141	1
4_NA_peak_16691_lociStitched	21	44550134	44566916	4	8	15046.7412	142	1
4_NA_peak_545_lociStitched	1	26278474	26291167	4	8	15018.3576	143	1
6_NA_peak_21114_lociStitched	6	2841614	2884110	6	12	14937.344	144	1
3_NA_peak_13158_lociStitched	19	41297988	41310282	3	6	14890.4928	145	1
4_NA_peak_4999_lociStitched	11	72099770	72119677	4	8	14866.5476	146	1
6_NA_peak_21826_lociStitched	6	44237896	44265455	6	12	14796.4271	147	1
4_NA_peak_13435_lociStitched	19	49867490	49877788	4	8	14781.7492	148	1
3_NA_peak_2835_lociStitched	1	234600024	234611293	3	6	14753.3748	149	1
5_NA_peak_12310_lociStitched	19	2041875	2061862	5	10	14748.4073	150	1
6_NA_peak_344_lociStitched	1	15515970	15526977	6	12	14744.9772	151	1
4_NA_peak_15513_lociStitched	2	233060013	233083419	4	8	14731.7364	152	1
3_NA_peak_25017_lociStitched	8	144787150	144798672	3	6	14729.7248	153	1
4_NA_peak_11558_lociStitched	17	76715803	76737810	4	8	14707.2781	154	1
3_NA_peak_25201_lociStitched	9	35096447	35114705	3	6	14683.0836	155	1
6_NA_peak_21657_lociStitched	6	34224428	34249424	6	12	14672.652	156	1
4_NA_peak_26176_lociStitched	X	272581	283614	4	8	14599.9689	157	1
4_NA_peak_10470_lociStitched	17	7205124	7220268	4	8	14533.6968	158	1
3_NA_peak_8632_lociStitched	15	44818155	44838371	3	6	14504.98	159	1
5_NA_peak_24810_lociStitched	8	133568248	133576048	5	10	14458.08	160	1
3_NA_peak_24215_lociStitched	8	94896582	94905671	3	6	14407.8828	161	1
4_NA_peak_636_lociStitched	1	28437345	28455769	4	8	14344.9264	162	1
5_NA_peak_16323_lociStitched	20	62914638	62938227	5	10	14320.8819	163	1
4_NA_peak_4193_lociStitched	11	795995	819927	4	8	14258.6856	164	1
4_NA_peak_15385_lociStitched	2	218316518	218332567	4	8	14245.0924	165	1
4_NA_peak_18909_lociStitched	3	196631972	196640760	4	8	14213.7112	166	1
4_NA_peak_16346_lociStitched	20	63847051	63865496	4	8	14204.4945	167	1
3_NA_peak_3926_lociStitched	10	103181800	103202653	3	6	14036.1543	168	1
4_NA_peak_13568_lociStitched	19	55248211	55259638	4	8	13942.0827	169	1
4_NA_peak_18897_lociStitched	3	196500950	196512739	4	8	13808.4557	170	1
3_NA_peak_6633_lociStitched	12	110583043	110591723	3	6	13743.912	171	1
6_NA_peak_21437_lociStitched	6	27126853	27157451	6	12	13567.1532	172	1
2_NA_peak_26545_lociStitched	X	45758846	45767526	2	4	13495.664	173	1
4_NA_peak_555_lociStitched	1	26620162	26639685	4	8	13492.3453	174	1
8_NA_peak_4702_lociStitched	11	62646447	62678914	8	16	13486.7918	175	1
3_NA_peak_4579_lociStitched	11	47393671	47407381	3	6	13461.849	176	1
4_NA_peak_190_lociStitched	1	6603263	6625357	4	8	13380.1264	177	1
6_NA_peak_7575_lociStitched	14	20454940	20478262	6	12	13349.5128	178	1
3_NA_peak_24227_lociStitched	8	95130486	95145614	3	6	13286.9224	179	1
6_NA_peak_21543_lociStitched	6	31186335	31216513	6	12	13278.32	180	1
4_NA_peak_11020_lociStitched	17	42998642	43024841	4	8	13243.5945	181	1
3_NA_peak_2917_lociStitched	1	246566608	246578497	3	6	13240.7793	182	1
2_NA_peak_103_lociStitched	1	2578245	2586224	2	4	13233.1715	183	1
4_NA_peak_26278_lociStitched	X	12947165	12957513	4	8	13211.2916	184	1
4_NA_peak_18324_lociStitched	3	127750218	127775917	4	8	13163.0278	185	1
7_NA_peak_4852_lociStitched	11	65893700	65928670	7	14	13155.714	186	1
4_NA_peak_17887_lociStitched	3	52278478	52299156	4	8	13142.9368	187	1
3_NA_peak_24404_lociStitched	8	103438601	103446083	3	6	13105.4712	188	1
4_NA_peak_24986_lociStitched	8	144291247	144303529	4	8	13053.3096	189	1
2_NA_peak_8929_lociStitched	15	72462225	72474574	2	4	13038.0742	190	1
6_NA_peak_10857_lociStitched	17	35560453	35587634	6	12	12951.7465	191	1
5_NA_peak_17400_lociStitched	3	10227935	10248623	5	10	12930	192	1
4_NA_peak_9224_lociStitched	15	92808637	92831095	4	8	12908.8584	193	1
3_NA_peak_122_lociStitched	1	3170992	3182281	3	6	12879.6201	194	1
3_NA_peak_25459_lociStitched	9	89310573	89318656	3	6	12851.1617	195	1
5_NA_peak_25237_lociStitched	9	36142936	36155014	5	10	12844.953	196	1
7_NA_peak_26080_lociStitched	GL000225.1	50848	86514	7	14	12786.261	197	1
8_NA_peak_26050_lociStitched	GL000216.2	142481	173841	8	16	12769.792	198	1
4_NA_peak_21528_lociStitched	6	30615429	30627008	4	8	12767.0054	199	1
4_NA_peak_11297_lociStitched	17	59828993	59838569	4	8	12745.656	200	1
8_NA_peak_2031_lociStitched	1	156097034	156126718	8	16	12743.3412	201	1
5_NA_peak_12668_lociStitched	19	13097699	13118572	5	10	12730.4427	202	1
4_NA_peak_25221_lociStitched	9	35635825	35658149	4	8	12717.9828	203	1
3_NA_peak_24863_lociStitched	8	140635994	140646731	3	6	12715.8291	204	1
4_NA_peak_14261_lociStitched	2	64710975	64732057	4	8	12672.3902	205	1
3_NA_peak_24965_lociStitched	8	143942485	143952572	3	6	12627.9153	206	1
4_NA_peak_11176_lociStitched	17	49676096	49688412	4	8	12594.3416	207	1
7_NA_peak_20265_lociStitched	5	49602070	49630954	7	14	12590.5356	208	1
4_NA_peak_13530_lociStitched	19	53867335	53879722	4	8	12565.3728	209	1
3_NA_peak_12751_lociStitched	19	16133953	16149556	3	6	12558.8547	210	1
3_NA_peak_10708_lociStitched	17	27333206	27353636	3	6	12552.192	211	1
4_NA_peak_4526_lociStitched	11	44559417	44579329	4	8	12544.56	212	1
5_NA_peak_10938_lociStitched	17	40098820	40122246	5	10	12523.5396	213	1
3_NA_peak_868_lociStitched	1	40152789	40161611	3	6	12520.1824	214	1
3_NA_peak_9179_lociStitched	15	90388441	90401415	3	6	12492.6646	215	1
7_NA_peak_13356_lociStitched	19	48249086	48271303	7	14	12472.6238	216	1
5_NA_peak_21331_lociStitched	6	21588755	21610298	5	10	12430.311	217	1
3_NA_peak_15262_lociStitched	2	201116401	201129043	3	6	12399.2736	218	1
5_NA_peak_2617_lociStitched	1	211578967	211613321	5	10	12374.3108	219	1
4_NA_peak_20273_lociStitched	5	49658657	49667229	4	8	12352.252	220	1
3_NA_peak_11680_lociStitched	17	81860372	81871657	3	6	12348.047	221	1
4_NA_peak_25744_lociStitched	9	124853494	124869835	4	8	12337.455	222	1
4_NA_peak_25009_lociStitched	8	144508848	144528930	4	8	12336.3726	223	1
5_NA_peak_5390_lociStitched	11	119084993	119103311	5	10	12306.0324	224	1
3_NA_peak_17089_lociStitched	22	39061033	39077492	3	6	12304.7484	225	1
4_NA_peak_4252_lociStitched	11	3784935	3808387	4	8	12302.9192	226	1
5_NA_peak_15235_lociStitched	2	197434839	197453716	5	10	12262.4992	227	1
3_NA_peak_21154_lociStitched	6	6712848	6724477	3	6	12245.337	228	1
5_NA_peak_9380_lociStitched	16	2513803	2538208	5	10	12243.9885	229	1
3_NA_peak_2539_lociStitched	1	204507396	204516583	3	6	12227.897	230	1
4_NA_peak_12643_lociStitched	19	12722350	12737391	4	8	12199.7551	231	1
5_NA_peak_16224_lociStitched	20	53608922	53623926	5	10	12189.2496	232	1
4_NA_peak_26670_lociStitched	X	53422393	53434621	4	8	12136.29	233	1
4_NA_peak_24647_lociStitched	8	124247311	124263304	4	8	12087.5094	234	1
5_NA_peak_356_lociStitched	1	15835579	15849722	5	10	12069.6362	235	1
7_NA_peak_9728_lociStitched	16	30053529	30076283	7	14	11982.2564	236	1
4_NA_peak_11291_lociStitched	17	59787615	59805335	4	8	11948.596	237	1
4_NA_peak_2962_lociStitched	10	931143	955253	4	8	11929.628	238	1
6_NA_peak_25844_lociStitched	9	129460907	129489824	6	12	11916.6957	239	1
4_NA_peak_23691_lociStitched	8	42140595	42153361	4	8	11904.295	240	1
5_NA_peak_17679_lociStitched	3	42581808	42611500	5	10	11885.7076	241	1
2_NA_peak_16221_lociStitched	20	53581604	53593506	2	4	11881.7666	242	1
5_NA_peak_5609_lociStitched	12	6452240	6471046	5	10	11864.7054	243	1
4_NA_peak_6197_lociStitched	12	56103990	56118672	4	8	11855.715	244	1
3_NA_peak_24086_lociStitched	8	81130643	81148374	3	6	11840.7618	245	1
4_NA_peak_24169_lociStitched	8	89834608	89855984	4	8	11840.1664	246	1
3_NA_peak_5430_lociStitched	11	123062005	123070635	3	6	11822.237	247	1
5_NA_peak_4574_lociStitched	11	47249002	47269774	5	10	11804.7276	248	1
3_NA_peak_23955_lociStitched	8	65945817	65952537	3	6	11774.784	249	1
3_NA_peak_24781_lociStitched	8	132760508	132775586	3	6	11732.1918	250	1
3_NA_peak_19210_lociStitched	4	40303085	40316640	3	6	11719.653	251	1
5_NA_peak_26118_lociStitched	KI270709.1	3760	13896	5	10	11719.2432	252	1
4_NA_peak_14271_lociStitched	2	64841292	64865255	4	8	11686.7551	253	1
4_NA_peak_12057_lociStitched	18	49476373	49492242	4	8	11677.9971	254	1
3_NA_peak_24134_lociStitched	8	87916386	87918426	3	6	11664.108	255	1
4_NA_peak_497_lociStitched	1	24722614	24745769	4	8	11663.1735	256	1
6_NA_peak_90_lociStitched	1	2279537	2301506	6	12	11652.3576	257	1
3_NA_peak_5760_lociStitched	12	12717043	12724328	3	6	11641.43	258	1
5_NA_peak_17576_lociStitched	3	32384894	32403279	5	10	11634.028	259	1
3_NA_peak_547_lociStitched	1	26306412	26319161	3	6	11606.6896	260	1
2_NA_peak_640_lociStitched	1	28506787	28518383	2	4	11592.5212	261	1
3_NA_peak_5357_lociStitched	11	118241448	118264241	3	6	11567.4475	262	1
3_NA_peak_23866_lociStitched	8	59055325	59066074	3	6	11565.924	263	1
4_NA_peak_24873_lociStitched	8	141119116	141128774	4	8	11539.3784	264	1
5_NA_peak_9363_lociStitched	16	1959796	1984381	5	10	11505.78	265	1
4_NA_peak_10867_lociStitched	17	36183485	36203302	4	8	11474.043	266	1
5_NA_peak_20957_lociStitched	5	176430760	176448759	5	10	11468.9628	267	1
4_NA_peak_7232_lociStitched	13	48144796	48162926	4	8	11465.412	268	1
5_NA_peak_19140_lociStitched	4	26857291	26885585	5	10	11461.8994	269	1
2_NA_peak_15484_lociStitched	2	231605098	231614692	2	4	11445.642	270	1
3_NA_peak_1888_lociStitched	1	150999617	151008750	3	6	11432.6894	271	1
5_NA_peak_4689_lociStitched	11	62551417	62556173	5	10	11415.8268	272	1
3_NA_peak_16572_lociStitched	21	37359167	37366963	3	6	11359.5516	273	1
4_NA_peak_24976_lociStitched	8	144095286	144104667	4	8	11340.6909	274	1
3_NA_peak_8773_lociStitched	15	59679097	59689811	3	6	11339.6976	275	1
6_NA_peak_22183_lociStitched	6	110859425	110875496	6	12	11289.8775	276	1
2_NA_peak_4459_lociStitched	11	33257586	33267075	2	4	11187.531	277	1
4_NA_peak_25926_lociStitched	9	133335957	133356733	4	8	11152.5568	278	1
5_NA_peak_12345_lociStitched	19	2770807	2785782	5	10	11151.8825	279	1
4_NA_peak_8535_lociStitched	15	40324060	40335363	4	8	11139.1065	280	1
2_NA_peak_24373_lociStitched	8	102654665	102662968	2	4	11131.8321	281	1
5_NA_peak_9738_lociStitched	16	30183101	30199959	5	10	11082.4492	282	1
4_NA_peak_24628_lociStitched	8	123477156	123502458	4	8	11074.6854	283	1
5_NA_peak_3231_lociStitched	10	26430785	26449162	5	10	11070.3048	284	1
6_NA_peak_13406_lociStitched	19	49451630	49474394	6	12	11042.8164	285	1
5_NA_peak_25784_lociStitched	9	127783957	127803254	5	10	10995.4306	286	1
3_NA_peak_6242_lociStitched	12	57479394	57488199	3	6	10956.0615	287	1
3_NA_peak_16734_lociStitched	21	46621606	46635365	3	6	10949.4122	288	1
3_NA_peak_21615_lociStitched	6	32838656	32853949	3	6	10943.6708	289	1
3_NA_peak_42_lociStitched	1	1398959	1407538	3	6	10923.6407	290	1
3_NA_peak_24577_lociStitched	8	119856249	119873898	3	6	10915.9065	291	1
3_NA_peak_22231_lociStitched	6	116450306	116464834	3	6	10907.6224	292	1
3_NA_peak_803_lociStitched	1	37474740	37486924	3	6	10882.7488	293	1
3_NA_peak_13428_lociStitched	19	49813433	49817807	3	6	10874.2014	294	1
3_NA_peak_5924_lociStitched	12	31728711	31747391	3	6	10866.156	295	1
3_NA_peak_6923_lociStitched	12	132761466	132770756	3	6	10861.868	296	1
3_NA_peak_24592_lociStitched	8	120804139	120811844	3	6	10858.6565	297	1
4_NA_peak_23903_lociStitched	8	60899647	60912176	4	8	10826.3089	298	1
7_NA_peak_14400_lociStitched	2	74455236	74482769	7	14	10823.2223	299	1
4_NA_peak_3281_lociStitched	10	30727725	30738714	4	8	10819.7694	300	1
6_NA_peak_2052_lociStitched	1	156572192	156601275	6	12	10818.876	301	1
3_NA_peak_5978_lociStitched	12	45727103	45730586	3	6	10812.2769	302	1
4_NA_peak_23880_lociStitched	8	59620276	59631470	4	8	10791.016	303	1
3_NA_peak_229_lociStitched	1	8703073	8713485	3	6	10779.5436	304	1
4_NA_peak_13161_lociStitched	19	41353064	41364525	4	8	10751.5641	305	1
4_NA_peak_17837_lociStitched	3	49803486	49813816	4	8	10742.167	306	1
2_NA_peak_383_lociStitched	1	16732719	16740394	2	4	10688.205	307	1
4_NA_peak_16229_lociStitched	20	53642329	53660257	4	8	10683.2952	308	1
4_NA_peak_6502_lociStitched	12	98491301	98515894	4	8	10683.1992	309	1
5_NA_peak_25000_lociStitched	8	144444296	144465197	5	10	10667.8704	310	1
2_NA_peak_16759_lociStitched	22	17628551	17638957	2	4	10663.0282	311	1
3_NA_peak_15494_lociStitched	2	231706805	231708981	3	6	10656.7424	312	1
3_NA_peak_20998_lociStitched	5	178467375	178486674	3	6	10639.5387	313	1
5_NA_peak_4287_lociStitched	11	6603426	6619006	5	10	10634.908	314	1
4_NA_peak_17174_lociStitched	22	42070591	42090560	4	8	10595.5514	315	1
3_NA_peak_1870_lociStitched	1	150611266	150613364	3	6	10594.2706	316	1
5_NA_peak_10504_lociStitched	17	7835438	7844245	5	10	10578.0877	317	1
5_NA_peak_10730_lociStitched	17	28710983	28728859	5	10	10571.8664	318	1
3_NA_peak_18555_lociStitched	3	152193790	152205062	3	6	10556.228	319	1
4_NA_peak_24800_lociStitched	8	133498933	133501112	4	8	10518.6867	320	1
5_NA_peak_11906_lociStitched	18	23479685	23503736	5	10	10481.4258	321	1
5_NA_peak_23633_lociStitched	8	30082060	30095813	5	10	10471.5342	322	1
6_NA_peak_4725_lociStitched	11	62831953	62841987	6	12	10468.4722	323	1
3_NA_peak_5795_lociStitched	12	14951981	14960090	3	6	10450.8792	324	1
3_NA_peak_1851_lociStitched	1	150150600	150162742	3	6	10443.3342	325	1
4_NA_peak_6221_lociStitched	12	56629924	56646477	4	8	10441.6324	326	1
5_NA_peak_9751_lociStitched	16	30395022	30429927	5	10	10440.0855	327	1
4_NA_peak_19408_lociStitched	4	76989172	77008281	4	8	10435.4249	328	1
5_NA_peak_14395_lociStitched	2	74178594	74205822	5	10	10403.8188	329	1
3_NA_peak_21729_lociStitched	6	37182906	37192448	3	6	10395.0548	330	1
3_NA_peak_15378_lociStitched	2	218216879	218229823	3	6	10365.5552	331	1
3_NA_peak_12372_lociStitched	19	3500818	3506459	3	6	10356.876	332	1
3_NA_peak_13185_lociStitched	19	42242504	42254885	3	6	10331.9445	333	1
3_NA_peak_1774_lociStitched	1	146369826	146387320	3	6	10316.2118	334	1
4_NA_peak_18518_lociStitched	3	149377002	149388322	4	8	10311.388	335	1
7_NA_peak_4674_lociStitched	11	61816158	61835614	7	14	10305.8432	336	1
5_NA_peak_7688_lociStitched	14	24422316	24443172	5	10	10277.8368	337	1
4_NA_peak_10309_lociStitched	17	410551	419063	4	8	10271.4304	338	1
7_NA_peak_7793_lociStitched	14	49852471	49880146	7	14	10225.9125	339	1
4_NA_peak_23959_lociStitched	8	66113032	66124304	4	8	10224.8312	340	1
5_NA_peak_21268_lociStitched	6	14903577	14932588	5	10	10206.0698	341	1
4_NA_peak_11697_lociStitched	17	82206502	82228725	4	8	10204.8016	342	1
3_NA_peak_52_lociStitched	1	1505433	1511878	3	6	10186.3225	343	1
4_NA_peak_4467_lociStitched	11	33891582	33912833	4	8	10145.2274	344	1
3_NA_peak_9232_lociStitched	15	92900499	92904670	3	6	10140.1181	345	1
5_NA_peak_1013_lociStitched	1	45685922	45688320	5	10	10125.3152	346	1
7_NA_peak_10365_lociStitched	17	2393637	2401944	7	14	10118.7567	347	1
2_NA_peak_14048_lociStitched	2	43224401	43227139	2	4	10117.1838	348	1
3_NA_peak_25513_lociStitched	9	94157976	94167180	3	6	10104.1512	349	1
4_NA_peak_21386_lociStitched	6	26021216	26032778	4	8	10104.0318	350	1
2_NA_peak_12691_lociStitched	19	14006109	14007069	2	4	10089.984	351	1
3_NA_peak_2208_lociStitched	1	167616908	167630431	3	6	10086.8057	352	1
4_NA_peak_15322_lociStitched	2	207165392	207176883	4	8	10048.8795	353	1
4_NA_peak_10024_lociStitched	16	67833718	67858398	4	8	10039.824	354	1
3_NA_peak_41_lociStitched	1	1375069	1382699	3	6	10039.554	355	1
3_NA_peak_13697_lociStitched	19	58573215	58575619	3	6	10019.872	356	1
4_NA_peak_15565_lociStitched	2	238406202	238427240	4	8	9995.1538	357	1
3_NA_peak_26892_lociStitched	X	119679303	119692907	3	6	9981.2548	358	1
2_NA_peak_1127_lociStitched	1	54407988	54416845	2	4	9976.5248	359	1
5_NA_peak_14574_lociStitched	2	98444694	98465657	5	10	9965.8102	360	1
4_NA_peak_18705_lociStitched	3	177323253	177345562	4	8	9958.7376	361	1
4_NA_peak_3707_lociStitched	10	87083855	87095356	4	8	9954.1155	362	1
4_NA_peak_19175_lociStitched	4	38655034	38667642	4	8	9938.8864	363	1
5_NA_peak_15480_lociStitched	2	231544794	231557561	5	10	9937.8328	364	1
5_NA_peak_25815_lociStitched	9	128684025	128703608	5	10	9936.4142	365	1
2_NA_peak_24470_lociStitched	8	107447595	107457915	2	4	9897.912	366	1
4_NA_peak_18740_lociStitched	3	183234257	183265500	4	8	9825.9235	367	1
3_NA_peak_15211_lociStitched	2	196158735	196171186	3	6	9811.388	368	1
4_NA_peak_12979_lociStitched	19	33287390	33303508	4	8	9798.1322	369	1
3_NA_peak_21567_lociStitched	6	31652864	31666270	3	6	9790.4018	370	1
4_NA_peak_12821_lociStitched	19	18152266	18173531	4	8	9756.382	371	1
3_NA_peak_24158_lociStitched	8	89631545	89644158	3	6	9735.9747	372	1
4_NA_peak_1194_lociStitched	1	62425510	62436896	4	8	9731.6142	373	1
2_NA_peak_16410_lociStitched	21	8420151	8432260	2	4	9727.1597	374	1
5_NA_peak_5779_lociStitched	12	14272860	14284384	5	10	9725.1036	375	1
4_NA_peak_25729_lociStitched	9	124259614	124278597	4	8	9724.9909	376	1
3_NA_peak_514_lociStitched	1	25232917	25247270	3	6	9708.3692	377	1
3_NA_peak_13340_lociStitched	19	47507643	47521887	3	6	9683.0712	378	1
2_NA_peak_984_lociStitched	1	44775296	44784335	2	4	9679.8651	379	1
2_NA_peak_24745_lociStitched	8	129528228	129536503	2	4	9671.82	380	1
5_NA_peak_11452_lociStitched	17	72407047	72421665	5	10	9656.6508	381	1
3_NA_peak_12747_lociStitched	19	16070502	16086975	3	6	9635.0577	382	1
5_NA_peak_26451_lociStitched	X	40090202	40109624	5	10	9631.3698	383	1
3_NA_peak_13024_lociStitched	19	35745250	35758405	3	6	9628.1445	384	1
4_NA_peak_3392_lociStitched	10	42067287	42086530	4	8	9615.7271	385	1
2_NA_peak_24214_lociStitched	8	94822999	94832943	2	4	9594.9656	386	1
4_NA_peak_24931_lociStitched	8	143267711	143291193	4	8	9552.4776	387	1
4_NA_peak_7393_lociStitched	13	77326897	77345141	4	8	9545.2608	388	1
5_NA_peak_11001_lociStitched	17	42554992	42577990	5	10	9541.8702	389	1
3_NA_peak_14724_lociStitched	2	113218041	113235830	3	6	9540.2407	390	1
3_NA_peak_8838_lociStitched	15	65286569	65304549	3	6	9524.006	391	1
4_NA_peak_23979_lociStitched	8	66916738	66926115	4	8	9512.0288	392	1
4_NA_peak_4883_lociStitched	11	66616244	66619780	4	8	9503	393	1
4_NA_peak_7548_lociStitched	13	113208381	113215104	4	8	9501.6159	394	1
5_NA_peak_10342_lociStitched	17	1710214	1724461	5	10	9491.3514	395	1
3_NA_peak_11282_lociStitched	17	59365569	59382186	3	6	9488.307	396	1
3_NA_peak_17057_lociStitched	22	38172837	38181559	3	6	9478.1974	397	1
4_NA_peak_15430_lociStitched	2	224015020	224039573	4	8	9465.1815	398	1
2_NA_peak_7999_lociStitched	14	69760777	69767339	2	4	9465.0288	399	1
3_NA_peak_21170_lociStitched	6	7140978	7155420	3	6	9463.8426	400	1
4_NA_peak_18880_lociStitched	3	195895685	195907513	4	8	9436.3784	401	1
6_NA_peak_18721_lociStitched	3	179451143	179474035	6	12	9433.7932	402	1
3_NA_peak_8098_lociStitched	14	77028113	77040819	3	6	9429.1226	403	1
2_NA_peak_13326_lociStitched	19	47112504	47113526	2	4	9420.3872	404	1
3_NA_peak_8336_lociStitched	14	104678050	104695479	3	6	9397.7168	405	1
3_NA_peak_398_lociStitched	1	17431997	17439592	3	6	9395.7745	406	1
6_NA_peak_2001_lociStitched	1	155244269	155273889	6	12	9395.464	407	1
3_NA_peak_17105_lociStitched	22	39519844	39532593	3	6	9362.8656	408	1
5_NA_peak_6135_lociStitched	12	53366494	53380373	5	10	9359.9976	409	1
2_NA_peak_15305_lociStitched	2	206085727	206096771	2	4	9350.9548	410	1
4_NA_peak_18559_lociStitched	3	152257339	152269260	4	8	9338.9114	411	1
3_NA_peak_8849_lociStitched	15	65807831	65819630	3	6	9331.8291	412	1
2_NA_peak_24831_lociStitched	8	134712918	134720894	2	4	9316.7656	413	1
3_NA_peak_24870_lociStitched	8	141089800	141097075	3	6	9312	414	1
4_NA_peak_3041_lociStitched	10	6580116	6592572	4	8	9310.86	415	1
4_NA_peak_11969_lociStitched	18	35040047	35049644	4	8	9308.1303	416	1
3_NA_peak_24846_lociStitched	8	140104822	140118849	3	6	9302.7064	417	1
2_NA_peak_20918_lociStitched	5	172178459	172187956	2	4	9298.5127	418	1
5_NA_peak_10425_lociStitched	17	4967690	4998114	5	10	9291.4896	419	1
3_NA_peak_11069_lociStitched	17	44187077	44200535	3	6	9269.8704	420	1
5_NA_peak_16355_lociStitched	20	63948949	63981286	5	10	9254.8494	421	1
3_NA_peak_3916_lociStitched	10	102773763	102786330	3	6	9249.312	422	1
5_NA_peak_22567_lociStitched	6	157297769	157323998	5	10	9248.3454	423	1
3_NA_peak_7195_lociStitched	13	45329332	45341665	3	6	9242.3502	424	1
4_NA_peak_4826_lociStitched	11	65547094	65570657	4	8	9239.0523	425	1
5_NA_peak_12587_lociStitched	19	11090815	11094878	5	10	9237.2305	426	1
3_NA_peak_19506_lociStitched	4	88002716	88013673	3	6	9236.751	427	1
4_NA_peak_537_lociStitched	1	26126171	26137446	4	8	9216.185	428	1
4_NA_peak_5015_lociStitched	11	72806793	72815447	4	8	9207.856	429	1
2_NA_peak_54_lociStitched	1	1607160	1615636	2	4	9178.6604	430	1
2_NA_peak_9589_lociStitched	16	20900857	20911576	2	4	9164.745	431	1
4_NA_peak_11046_lociStitched	17	43350773	43368217	4	8	9142.4004	432	1
4_NA_peak_14160_lociStitched	2	55099788	55113316	4	8	9136.8112	433	1
3_NA_peak_4834_lociStitched	11	65640603	65662744	3	6	9102.1651	434	1
2_NA_peak_17903_lociStitched	3	53161621	53171292	2	4	9101.3781	435	1
5_NA_peak_17231_lociStitched	22	45310074	45336774	5	10	9099.36	436	1
3_NA_peak_16312_lociStitched	20	62617986	62628622	3	6	9081.0168	437	1
5_NA_peak_12319_lociStitched	19	2151274	2168725	5	10	9053.5788	438	1
3_NA_peak_18008_lociStitched	3	71581437	71583852	3	6	9038.379	439	1
4_NA_peak_2733_lociStitched	1	225999085	226002409	4	8	9031.9728	440	1
4_NA_peak_17209_lociStitched	22	44024494	44030973	4	8	9026.5428	441	1
3_NA_peak_23768_lociStitched	8	51962069	51973994	3	6	9026.0325	442	1
4_NA_peak_23450_lociStitched	7	150365789	150378679	4	8	9016.555	443	1
3_NA_peak_26441_lociStitched	X	39751194	39771510	3	6	9012.1776	444	1
2_NA_peak_2910_lociStitched	1	244969960	244970917	2	4	8977.0428	445	1
3_NA_peak_3870_lociStitched	10	100987279	101000543	3	6	8975.7488	446	1
4_NA_peak_9787_lociStitched	16	30948088	30957834	4	8	8974.1168	447	1
2_NA_peak_25867_lociStitched	9	130042614	130053763	2	4	8962.6811	448	1
3_NA_peak_18967_lociStitched	4	1712503	1723030	3	6	8957.4243	449	1
5_NA_peak_12448_lociStitched	19	6057147	6067147	5	10	8930	450	1
3_NA_peak_8607_lociStitched	15	43791960	43800804	3	6	8929.7868	451	1
4_NA_peak_7502_lociStitched	13	102773555	102780312	4	8	8915.8615	452	1
4_NA_peak_6605_lociStitched	12	109880149	109900405	4	8	8904.5376	453	1
4_NA_peak_8226_lociStitched	14	92531076	92549520	4	8	8884.4748	454	1
4_NA_peak_25548_lociStitched	9	98037941	98056900	4	8	8878.4997	455	1
2_NA_peak_11518_lociStitched	17	75779569	75785264	2	4	8877.9355	456	1
3_NA_peak_25036_lociStitched	9	272465	278211	3	6	8875.2716	457	1
2_NA_peak_5017_lociStitched	11	73141967	73153591	2	4	8869.112	458	1
5_NA_peak_24971_lociStitched	8	143977113	143986341	5	10	8845.9608	459	1
3_NA_peak_5709_lociStitched	12	9731628	9738908	3	6	8835.008	460	1
3_NA_peak_6432_lociStitched	12	89857236	89864647	3	6	8833.912	461	1
5_NA_peak_10701_lociStitched	17	26881407	26885478	5	10	8817.3789	462	1
3_NA_peak_19869_lociStitched	4	155667610	155681903	3	6	8817.3517	463	1
3_NA_peak_22341_lociStitched	6	135176990	135191998	3	6	8802.192	464	1
4_NA_peak_864_lociStitched	1	40034743	40040963	4	8	8798.19	465	1
3_NA_peak_4436_lociStitched	11	28107892	28110470	3	6	8789.691	466	1
2_NA_peak_18664_lociStitched	3	169764756	169773600	2	4	8744.9472	467	1
5_NA_peak_11777_lociStitched	18	3593668	3603224	5	10	8738.962	468	1
3_NA_peak_24347_lociStitched	8	101962340	101977667	3	6	8721.063	469	1
4_NA_peak_17381_lociStitched	3	9890284	9903110	4	8	8719.1148	470	1
2_NA_peak_1043_lociStitched	1	47231261	47241314	2	4	8716.9563	471	1
3_NA_peak_1123_lociStitched	1	54373479	54385301	3	6	8712.814	472	1
2_NA_peak_6162_lociStitched	12	54300370	54310803	2	4	8664.6065	473	1
5_NA_peak_21017_lociStitched	5	179622493	179634771	5	10	8660.9012	474	1
3_NA_peak_2885_lociStitched	1	243255265	243267890	3	6	8624.1375	475	1
4_NA_peak_21558_lociStitched	6	31575098	31587989	4	8	8616.3444	476	1
4_NA_peak_11961_lociStitched	18	32084606	32093035	4	8	8613.5951	477	1
3_NA_peak_25358_lociStitched	9	71629925	71648736	3	6	8611.6758	478	1
4_NA_peak_11393_lociStitched	17	64975273	64986344	4	8	8596.6315	479	1
3_NA_peak_2296_lociStitched	1	174989974	174999499	3	6	8593.455	480	1
4_NA_peak_24981_lociStitched	8	144125814	144148204	4	8	8586.565	481	1
4_NA_peak_26415_lociStitched	X	37745886	37763541	4	8	8575.0335	482	1
2_NA_peak_13606_lociStitched	19	56314767	56322417	2	4	8537.4	483	1
3_NA_peak_645_lociStitched	1	28642825	28648473	3	6	8522.832	484	1
2_NA_peak_12209_lociStitched	18	77054461	77065353	2	4	8509.9196	485	1
3_NA_peak_5045_lociStitched	11	74011640	74019066	3	6	8502.77	486	1
5_NA_peak_17308_lociStitched	22	50525397	50540051	5	10	8496.3892	487	1
3_NA_peak_678_lociStitched	1	31471520	31483254	3	6	8489.549	488	1
3_NA_peak_20694_lociStitched	5	132410761	132427319	3	6	8476.0402	489	1
3_NA_peak_1766_lociStitched	1	146168637	146184801	3	6	8469.936	490	1
3_NA_peak_10419_lociStitched	17	4939718	4949812	3	6	8468.866	491	1
3_NA_peak_297_lociStitched	1	11719651	11736302	3	6	8442.057	492	1
4_NA_peak_2751_lociStitched	1	226717882	226739023	4	8	8439.4872	493	1
4_NA_peak_7538_lociStitched	13	112574120	112588357	4	8	8422.6092	494	1
2_NA_peak_2363_lociStitched	1	183471554	183478911	2	4	8420.8222	495	1
4_NA_peak_24398_lociStitched	8	103353891	103371683	4	8	8419.1744	496	1
3_NA_peak_15545_lociStitched	2	237663217	237675234	3	6	8417.9085	497	1
4_NA_peak_15878_lociStitched	20	23350369	23362320	4	8	8397.9677	498	1
5_NA_peak_11652_lociStitched	17	80992040	81021196	5	10	8394.0124	499	1
4_NA_peak_5044_lociStitched	11	73980761	73994850	4	8	8388.5906	500	1
5_NA_peak_593_lociStitched	1	27659986	27673060	5	10	8383.0488	501	1
3_NA_peak_14440_lociStitched	2	85406510	85418584	3	6	8346.7562	502	1
3_NA_peak_10872_lociStitched	17	36535244	36545735	3	6	8327.7558	503	1
3_NA_peak_2572_lociStitched	1	206921721	206930871	3	6	8327.415	504	1
3_NA_peak_26358_lociStitched	X	20362674	20375104	3	6	8314.427	505	1
4_NA_peak_4613_lociStitched	11	57657329	57668177	4	8	8293.296	506	1
4_NA_peak_21636_lociStitched	6	33288806	33299929	4	8	8276.6243	507	1
3_NA_peak_24156_lociStitched	8	89550593	89564271	3	6	8258.7764	508	1
3_NA_peak_239_lociStitched	1	9083724	9093529	3	6	8251.888	509	1
3_NA_peak_24762_lociStitched	8	130064679	130068781	3	6	8239.6874	510	1
3_NA_peak_10055_lociStitched	16	69381021	69396443	3	6	8227.637	511	1
2_NA_peak_10966_lociStitched	17	41678883	41689095	2	4	8220.66	512	1
2_NA_peak_27059_lociStitched	X	156025357	156030553	2	4	8212.278	513	1
3_NA_peak_572_lociStitched	1	27099189	27110895	3	6	8173.1292	514	1
3_NA_peak_3972_lociStitched	10	110859815	110872101	3	6	8171.4186	515	1
3_NA_peak_26194_lociStitched	X	1232622	1250212	3	6	8158.242	516	1
3_NA_peak_871_lociStitched	1	40251503	40258531	3	6	8157.3996	517	1
4_NA_peak_14754_lociStitched	2	119355683	119367159	4	8	8155.9932	518	1
4_NA_peak_18144_lociStitched	3	108124776	108132638	4	8	8149.7492	519	1
4_NA_peak_18889_lociStitched	3	196111862	196123150	4	8	8142.0344	520	1
4_NA_peak_23371_lociStitched	7	135147836	135170594	4	8	8138.2608	521	1
3_NA_peak_2200_lociStitched	1	167220359	167230263	3	6	8108.4048	522	1
7_NA_peak_4160_lociStitched	11	308558	321149	7	14	8098.5312	523	1
3_NA_peak_22627_lociStitched	6	163405894	163415257	3	6	8095.2498	524	1
2_NA_peak_7299_lociStitched	13	50909991	50917573	2	4	8040.711	525	1
3_NA_peak_501_lociStitched	1	24762783	24770911	3	6	8030.464	526	1
4_NA_peak_13677_lociStitched	19	58380896	58387539	4	8	8030.0584	527	1
2_NA_peak_24433_lociStitched	8	105572685	105585178	2	4	8024.2539	528	1
5_NA_peak_7666_lociStitched	14	24132455	24147654	5	10	8015.9526	529	1
3_NA_peak_12315_lociStitched	19	2085197	2096455	3	6	8014.5702	530	1
4_NA_peak_4474_lociStitched	11	34045277	34052867	4	8	8014.281	531	1
3_NA_peak_25_lociStitched	1	1172135	1183124	3	6	8009.8821	532	1
2_NA_peak_4930_lociStitched	11	68031119	68040839	2	4	7998.588	533	1
3_NA_peak_21370_lociStitched	6	25167123	25179803	3	6	7988.4	534	1
4_NA_peak_2336_lociStitched	1	181022655	181044670	4	8	7967.2285	535	1
5_NA_peak_16642_lociStitched	21	42496118	42514407	5	10	7966.6884	536	1
3_NA_peak_14894_lociStitched	2	151289026	151297984	3	6	7959.183	537	1
2_NA_peak_446_lociStitched	1	21904658	21909864	2	4	7954.2474	538	1
4_NA_peak_6869_lociStitched	12	124863759	124881238	4	8	7951.1971	539	1
2_NA_peak_8110_lociStitched	14	77588826	77594445	2	4	7948.0755	540	1
3_NA_peak_1807_lociStitched	1	148620634	148634416	3	6	7930.1628	541	1
3_NA_peak_24395_lociStitched	8	103325264	103338172	3	6	7924.2212	542	1
4_NA_peak_17875_lociStitched	3	52109592	52122515	4	8	7919.2144	543	1
3_NA_peak_14316_lociStitched	2	68765043	68777023	3	6	7917.582	544	1
4_NA_peak_2145_lociStitched	1	161381890	161399578	4	8	7911.8424	545	1
3_NA_peak_26508_lociStitched	X	42942685	42955066	3	6	7908.9828	546	1
3_NA_peak_196_lociStitched	1	6912066	6918870	3	6	7895.3616	547	1
3_NA_peak_14021_lociStitched	2	40814426	40823961	3	6	7886.3985	548	1
5_NA_peak_11711_lociStitched	17	82519342	82536873	5	10	7885.4438	549	1
5_NA_peak_21795_lociStitched	6	43053598	43077205	5	10	7880.0166	550	1
4_NA_peak_18903_lociStitched	3	196553861	196568875	4	8	7864.3332	551	1
5_NA_peak_4177_lociStitched	11	568961	596191	5	10	7864.024	552	1
3_NA_peak_4212_lociStitched	11	1889732	1905876	3	6	7863.7424	553	1
2_NA_peak_6071_lociStitched	12	50505200	50517033	2	4	7853.5621	554	1
5_NA_peak_13373_lociStitched	19	48468657	48493733	5	10	7846.2804	555	1
2_NA_peak_24758_lociStitched	8	130005288	130016458	2	4	7845.808	556	1
5_NA_peak_21053_lociStitched	5	181160369	181192016	5	10	7835.7972	557	1
3_NA_peak_12268_lociStitched	19	1088394	1104367	3	6	7820.3808	558	1
4_NA_peak_4074_lociStitched	10	125147570	125160221	4	8	7819.5831	559	1
4_NA_peak_6861_lociStitched	12	124543597	124551423	4	8	7813.4784	560	1
3_NA_peak_611_lociStitched	1	27931500	27944244	3	6	7800.6024	561	1
2_NA_peak_18937_lociStitched	3	197950046	197960409	2	4	7795.0486	562	1
2_NA_peak_17198_lociStitched	22	43143173	43152895	2	4	7794.1274	563	1
3_NA_peak_969_lociStitched	1	44472932	44486279	3	6	7785.3051	564	1
4_NA_peak_105_lociStitched	1	2643017	2654098	4	8	7783.2944	565	1
4_NA_peak_24890_lociStitched	8	141373789	141376542	4	8	7783.2816	566	1
4_NA_peak_11413_lociStitched	17	67360460	67377782	4	8	7782.7746	567	1
4_NA_peak_14483_lociStitched	2	87498454	87508138	4	8	7775.2836	568	1
4_NA_peak_9322_lociStitched	16	668478	690142	4	8	7773.0432	569	1
4_NA_peak_24928_lociStitched	8	143188705	143191778	4	8	7762.7053	570	1
3_NA_peak_304_lociStitched	1	11908031	11910037	3	6	7738.7468	571	1
2_NA_peak_227_lociStitched	1	8664345	8674929	2	4	7735.8456	572	1
3_NA_peak_20152_lociStitched	5	35664529	35674028	3	6	7723.6369	573	1
4_NA_peak_14687_lociStitched	2	111439574	111453604	4	8	7709.485	574	1
4_NA_peak_13115_lociStitched	19	39431295	39445791	4	8	7703.1744	575	1
3_NA_peak_25170_lociStitched	9	33159415	33167858	3	6	7665.3997	576	1
2_NA_peak_11734_lociStitched	18	108155	110365	2	4	7652.567	577	1
4_NA_peak_6745_lociStitched	12	120710614	120726128	4	8	7629.7852	578	1
3_NA_peak_17325_lociStitched	3	3172619	3179537	3	6	7622.2524	579	1
2_NA_peak_10625_lociStitched	17	17682558	17694567	2	4	7622.1123	580	1
3_NA_peak_13371_lociStitched	19	48424707	48446156	3	6	7605.8154	581	1
3_NA_peak_11610_lociStitched	17	78916570	78933363	3	6	7592.1153	582	1
3_NA_peak_11602_lociStitched	17	78775053	78782734	3	6	7577.3065	583	1
3_NA_peak_1978_lociStitched	1	154925641	154937144	3	6	7577.0261	584	1
3_NA_peak_19161_lociStitched	4	37977719	37990458	3	6	7573.3355	585	1
4_NA_peak_23193_lociStitched	7	100428605	100436246	4	8	7571.4669	586	1
3_NA_peak_4709_lociStitched	11	62694523	62709881	3	6	7563.815	587	1
3_NA_peak_17804_lociStitched	3	49021143	49029192	3	6	7558.8159	588	1
4_NA_peak_23256_lociStitched	7	104944810	104957585	4	8	7555.135	589	1
5_NA_peak_21471_lociStitched	6	27892958	27903202	5	10	7544.706	590	1
5_NA_peak_21317_lociStitched	6	20201726	20213245	5	10	7538.0336	591	1
3_NA_peak_11378_lociStitched	17	64496810	64505835	3	6	7534.07	592	1
2_NA_peak_26525_lociStitched	X	44342674	44343508	2	4	7524.6816	593	1
4_NA_peak_21670_lociStitched	6	34657749	34671902	4	8	7519.4889	594	1
3_NA_peak_8723_lociStitched	15	55402383	55408719	3	6	7503.0912	595	1
3_NA_peak_8317_lociStitched	14	103112204	103123689	3	6	7499.705	596	1
3_NA_peak_24510_lociStitched	8	113787868	113802910	3	6	7493.9244	597	1
3_NA_peak_24642_lociStitched	8	124195432	124198164	3	6	7484.0408	598	1
4_NA_peak_6688_lociStitched	12	113403912	113422552	4	8	7461.592	599	1
3_NA_peak_13253_lociStitched	19	45076277	45093058	3	6	7455.7983	600	1
3_NA_peak_26_lociStitched	1	1201321	1213518	3	6	7438.9503	601	1
3_NA_peak_9446_lociStitched	16	4505021	4514842	3	6	7436.4612	602	1
3_NA_peak_8351_lociStitched	14	105293759	105300880	3	6	7435.0361	603	1
4_NA_peak_9346_lociStitched	16	1526700	1545191	4	8	7429.6838	604	1
3_NA_peak_19150_lociStitched	4	36244256	36268626	3	6	7423.102	605	1
3_NA_peak_17975_lociStitched	3	69080162	69092582	3	6	7414.74	606	1
8_NA_peak_2149_lociStitched	1	161440669	161470301	8	16	7408	607	1
3_NA_peak_2991_lociStitched	10	3783519	3785758	3	6	7405.7164	608	1
4_NA_peak_21881_lociStitched	6	52390121	52398521	4	8	7402.08	609	1
4_NA_peak_25857_lociStitched	9	129823942	129845162	4	8	7393.048	610	1
3_NA_peak_7630_lociStitched	14	22919038	22930265	3	6	7390.7341	611	1
4_NA_peak_12694_lociStitched	19	14024029	14042860	4	8	7389.2844	612	1
2_NA_peak_10795_lociStitched	17	31313473	31321305	2	4	7388.7088	613	1
4_NA_peak_947_lociStitched	1	43358504	43368255	4	8	7387.3576	614	1
3_NA_peak_13201_lociStitched	19	43563235	43576123	3	6	7379.6688	615	1
5_NA_peak_10352_lociStitched	17	2030378	2058850	5	10	7377.0952	616	1
2_NA_peak_11106_lociStitched	17	45583224	45584837	2	4	7375.2812	617	1
6_NA_peak_12532_lociStitched	19	9785300	9795956	6	12	7369.6896	618	1
2_NA_peak_23824_lociStitched	8	55930275	55939584	2	4	7362.4881	619	1
3_NA_peak_9793_lociStitched	16	31064046	31074664	3	6	7361.4594	620	1
5_NA_peak_9703_lociStitched	16	29453604	29470783	5	10	7352.612	621	1
2_NA_peak_9954_lociStitched	16	57689016	57694924	2	4	7351.3244	622	1
3_NA_peak_6245_lociStitched	12	57520297	57522401	3	6	7346.7472	623	1
2_NA_peak_26307_lociStitched	X	15751021	15752067	2	4	7344.5936	624	1
3_NA_peak_16338_lociStitched	20	63626401	63635756	3	6	7343.675	625	1
4_NA_peak_24909_lociStitched	8	142669882	142677071	4	8	7328.4666	626	1
3_NA_peak_18788_lociStitched	3	185585858	185594987	3	6	7326.0225	627	1
4_NA_peak_22877_lociStitched	7	33053433	33062485	4	8	7325.7836	628	1
3_NA_peak_11716_lociStitched	17	82586377	82593661	3	6	7321.8768	629	1
2_NA_peak_24182_lociStitched	8	91032637	91040754	2	4	7313.417	630	1
3_NA_peak_11203_lociStitched	17	50707791	50719725	3	6	7311.9618	631	1
4_NA_peak_26200_lociStitched	X	1452715	1468295	4	8	7305.462	632	1
3_NA_peak_10989_lociStitched	17	42312970	42320549	3	6	7304.6402	633	1
4_NA_peak_21047_lociStitched	5	180803118	180810764	4	8	7304.2238	634	1
3_NA_peak_9070_lociStitched	15	80984710	81000679	3	6	7296.2361	635	1
3_NA_peak_17196_lociStitched	22	43115864	43129184	3	6	7291.368	636	1
2_NA_peak_15086_lociStitched	2	177212236	177212986	2	4	7288.725	637	1
3_NA_peak_22866_lociStitched	7	32490208	32495651	3	6	7285.9998	638	1
4_NA_peak_6235_lociStitched	12	57078409	57088391	4	8	7282.8672	639	1
3_NA_peak_7860_lociStitched	14	55265373	55278388	3	6	7281.8925	640	1
4_NA_peak_19460_lociStitched	4	82890919	82900919	4	8	7268	641	1
3_NA_peak_20093_lociStitched	5	18098587	18111480	3	6	7267.7841	642	1
3_NA_peak_1599_lociStitched	1	116504075	116515695	3	6	7267.148	643	1
2_NA_peak_17790_lociStitched	3	48466070	48472842	2	4	7262.2928	644	1
3_NA_peak_17732_lociStitched	3	45630902	45646859	3	6	7262.0307	645	1
2_NA_peak_13027_lociStitched	19	35900342	35909878	2	4	7259.7568	646	1
2_NA_peak_10601_lociStitched	17	16380933	16387137	2	4	7249.9944	647	1
3_NA_peak_13412_lociStitched	19	49487845	49496611	3	6	7243.3458	648	1
3_NA_peak_23757_lociStitched	8	49091765	49103367	3	6	7238.4878	649	1
4_NA_peak_14331_lociStitched	2	69894263	69915308	4	8	7231.062	650	1
3_NA_peak_3199_lociStitched	10	22310246	22321417	3	6	7228.7541	651	1
2_NA_peak_14639_lociStitched	2	105329917	105337391	2	4	7219.884	652	1
4_NA_peak_45_lociStitched	1	1431420	1434254	4	8	7213.0968	653	1
4_NA_peak_18769_lociStitched	3	184472792	184492543	4	8	7211.0901	654	1
3_NA_peak_16234_lociStitched	20	53729445	53738793	3	6	7209.1776	655	1
3_NA_peak_15809_lociStitched	20	17557828	17570296	3	6	7207.7508	656	1
5_NA_peak_4316_lociStitched	11	9569415	9584682	5	10	7186.1769	657	1
2_NA_peak_24684_lociStitched	8	125164108	125175342	2	4	7184.143	658	1
3_NA_peak_26820_lociStitched	X	101407497	101418380	3	6	7176.2502	659	1
3_NA_peak_9449_lociStitched	16	4614636	4624553	3	6	7168.9993	660	1
3_NA_peak_24230_lociStitched	8	95268430	95270187	3	6	7166.6273	661	1
4_NA_peak_5003_lociStitched	11	72205387	72224957	4	8	7160.663	662	1
4_NA_peak_8169_lociStitched	14	89616905	89629700	4	8	7153.6845	663	1
4_NA_peak_21501_lociStitched	6	28922882	28944371	4	8	7147.2414	664	1
4_NA_peak_13278_lociStitched	19	45506748	45516367	4	8	7138.2599	665	1
3_NA_peak_7530_lociStitched	13	110705962	110713375	3	6	7137.9777	666	1
4_NA_peak_7745_lociStitched	14	35286870	35294239	4	8	7119.9278	667	1
2_NA_peak_15561_lociStitched	2	238381549	238392253	2	4	7119.2304	668	1
2_NA_peak_13590_lociStitched	19	55599388	55605745	2	4	7117.9329	669	1
3_NA_peak_9718_lociStitched	16	29805254	29816241	3	6	7117.3786	670	1
4_NA_peak_5349_lociStitched	11	118002337	118013182	4	8	7115.4045	671	1
6_NA_peak_3399_lociStitched	10	43121558	43141092	6	12	7108.4226	672	1
3_NA_peak_17285_lociStitched	22	49960616	49976061	3	6	7107.789	673	1
3_NA_peak_21194_lociStitched	6	10682961	10694769	3	6	7106.0544	674	1
2_NA_peak_21637_lociStitched	6	33313951	33322656	2	4	7088.4815	675	1
2_NA_peak_2947_lociStitched	1	248826506	248838880	2	4	7085.3524	676	1
5_NA_peak_1987_lociStitched	1	155129731	155140153	5	10	7055.694	677	1
3_NA_peak_2325_lociStitched	1	179877411	179882997	3	6	7039.4772	678	1
3_NA_peak_16939_lociStitched	22	30266128	30283546	3	6	7035.1302	679	1
4_NA_peak_13460_lociStitched	19	51363311	51372438	4	8	7026.8773	680	1
2_NA_peak_21325_lociStitched	6	20402031	20403805	2	4	7022.379	681	1
3_NA_peak_9760_lociStitched	16	30558187	30571753	3	6	6995.9862	682	1
5_NA_peak_16028_lociStitched	20	36462626	36492477	5	10	6988.1191	683	1
4_NA_peak_27020_lociStitched	X	153971643	153985478	4	8	6988.0585	684	1
3_NA_peak_18098_lociStitched	3	101676660	101687056	3	6	6979.8744	685	1
4_NA_peak_10534_lociStitched	17	8210854	8223382	4	8	6968.0736	686	1
3_NA_peak_6002_lociStitched	12	47705880	47717996	3	6	6949.7376	687	1
3_NA_peak_9036_lociStitched	15	78426866	78438440	3	6	6931.6686	688	1
5_NA_peak_6251_lociStitched	12	57740722	57752822	5	10	6918.78	689	1
2_NA_peak_4064_lociStitched	10	124611684	124621225	2	4	6912.4545	690	1
5_NA_peak_6911_lociStitched	12	132429407	132445683	5	10	6912.4172	691	1
2_NA_peak_10944_lociStitched	17	40318459	40323105	2	4	6902.5622	692	1
3_NA_peak_16273_lociStitched	20	58651662	58661675	3	6	6900.9596	693	1
5_NA_peak_12261_lociStitched	19	1021371	1038509	5	10	6899.7588	694	1
3_NA_peak_13295_lociStitched	19	45876796	45887067	3	6	6881.57	695	1
3_NA_peak_10755_lociStitched	17	29292915	29304204	3	6	6865.9698	696	1
5_NA_peak_19177_lociStitched	4	38743661	38762066	5	10	6841.1385	697	1
6_NA_peak_27066_lociStitched	Y	11305401	11329927	6	12	6840.3014	698	1
2_NA_peak_15775_lociStitched	20	10501676	10511483	2	4	6829.5948	699	1
3_NA_peak_26917_lociStitched	X	123960188	123962023	3	6	6816.291	700	1
5_NA_peak_21646_lociStitched	6	33571111	33585465	5	10	6810.973	701	1
3_NA_peak_9571_lociStitched	16	19114152	19131202	3	6	6801.245	702	1
3_NA_peak_16276_lociStitched	20	58888969	58892291	3	6	6795.4832	703	1
2_NA_peak_24019_lociStitched	8	70393636	70403770	2	4	6787.7532	704	1
3_NA_peak_5622_lociStitched	12	6745468	6752960	3	6	6781.7584	705	1
3_NA_peak_21478_lociStitched	6	28124665	28141998	3	6	6770.2698	706	1
3_NA_peak_7583_lociStitched	14	20609906	20623263	3	6	6769.3276	707	1
4_NA_peak_12079_lociStitched	18	54250359	54269767	4	8	6767.5696	708	1
3_NA_peak_17666_lociStitched	3	42013378	42025290	3	6	6715.9856	709	1
3_NA_peak_12327_lociStitched	19	2329009	2342225	3	6	6700.512	710	1
3_NA_peak_11544_lociStitched	17	76481077	76493870	3	6	6693.2976	711	1
2_NA_peak_4995_lociStitched	11	72069978	72081120	2	4	6680.7432	712	1
3_NA_peak_15269_lociStitched	2	201182660	201191112	3	6	6680.4608	713	1
3_NA_peak_21248_lociStitched	6	13703328	13712109	3	6	6676.1943	714	1
4_NA_peak_24940_lociStitched	8	143383542	143398667	4	8	6676.175	715	1
2_NA_peak_18343_lociStitched	3	128726446	128735403	2	4	6672.0693	716	1
3_NA_peak_11027_lociStitched	17	43170058	43171383	3	6	6663.2925	717	1
3_NA_peak_22031_lociStitched	6	85450466	85464766	3	6	6659.51	718	1
6_NA_peak_10015_lociStitched	16	67660044	67674083	6	12	6658.6977	719	1
2_NA_peak_17157_lociStitched	22	41468933	41479773	2	4	6639.5	720	1
2_NA_peak_21628_lociStitched	6	33200496	33208596	2	4	6629.04	721	1
3_NA_peak_26025_lociStitched	9	137618715	137629345	3	6	6626.742	722	1
4_NA_peak_9757_lociStitched	16	30527048	30535250	4	8	6623.115	723	1
3_NA_peak_16709_lociStitched	21	45542225	45552305	3	6	6617.52	724	1
3_NA_peak_13893_lociStitched	2	27071448	27082138	3	6	6587.178	725	1
2_NA_peak_11756_lociStitched	18	2960063	2972294	2	4	6570.4932	726	1
2_NA_peak_1242_lociStitched	1	66924615	66930479	2	4	6566.5072	727	1
3_NA_peak_477_lociStitched	1	23791216	23801138	3	6	6560.4264	728	1
3_NA_peak_25503_lociStitched	9	93083091	93098063	3	6	6553.2444	729	1
3_NA_peak_14516_lociStitched	2	90381673	90398232	3	6	6550.7404	730	1
3_NA_peak_15709_lociStitched	20	4813538	4823341	3	6	6549.3843	731	1
6_NA_peak_20213_lociStitched	5	43007859	43018478	6	12	6538.1183	732	1
